0
1.77147e+29
7.10713e+29
1.60392e+30
2.86004e+30
4.48239e+30
6.47431e+30
8.83922e+30
1.15806e+31
1.47018e+31
1.82065e+31
2.20982e+31
2.63805e+31
3.10571e+31
3.61316e+31
4.16079e+31
4.74896e+31
5.37805e+31
6.04845e+31
6.76056e+31
7.51475e+31
8.31142e+31
9.15098e+31
1.00338e+32
1.09604e+32
1.1931e+32
1.29461e+32
1.40062e+32
1.51116e+32
1.62628e+32
1.74602e+32
1.87042e+32
1.99953e+32
2.13338e+32
2.27203e+32
2.41552e+32
2.56388e+32
2.71717e+32
2.87543e+32
3.03871e+32
3.20705e+32
3.38049e+32
3.55576e+32
3.72068e+32
3.8891e+32
4.061e+32
4.23637e+32
4.41519e+32
4.59746e+32
4.78316e+32
4.97228e+32
5.16481e+32
5.36075e+32
5.56008e+32
5.76279e+32
5.96887e+32
6.17832e+32
6.39113e+32
6.60728e+32
6.82677e+32
7.04959e+32
7.27573e+32
7.50519e+32
7.73796e+32
7.97403e+32
8.21339e+32
8.45605e+32
8.70198e+32
8.9512e+32
9.20368e+32
9.45944e+32
9.71845e+32
9.98072e+32
1.02462e+33
1.0515e+33
1.0787e+33
1.10623e+33
1.13408e+33
1.16225e+33
1.19075e+33
1.21956e+33
1.24871e+33
1.27817e+33
1.30795e+33
1.33806e+33
1.36849e+33
1.39924e+33
1.43031e+33
1.46171e+33
1.49342e+33
1.52545e+33
1.55781e+33
1.59049e+33
1.62349e+33
1.65681e+33
1.69045e+33
1.72441e+33
1.7587e+33
1.7933e+33
1.82823e+33
