0
0.00704051
0.0140812
0.0211221
0.0281635
0.0352056
0.0422483
0.049292
0.0563367
0.0633826
0.0704299
0.0774786
0.084529
0.0915812
0.0986353
0.105691
0.11275
0.119811
0.126874
0.13394
0.141008
0.14808
0.155155
0.162233
0.169314
0.176398
0.183486
0.190578
0.197674
0.204774
0.211877
0.218985
0.226098
0.233214
0.240335
0.247461
0.254592
0.261727
0.268868
0.276013
0.283164
0.29032
0.297481
0.304648
0.31182
0.318998
0.326181
0.33337
0.340565
0.347766
0.354973
0.362186
0.369405
0.37663
0.383861
0.391099
0.398343
0.405592
0.412849
0.420111
0.42738
0.434656
0.441937
0.449225
0.45652
0.463821
0.471128
0.478442
0.485762
0.493088
0.50042
0.507759
0.515104
0.522455
0.529813
0.537176
0.544545
0.55192
0.559301
0.566688
0.57408
0.581478
0.588881
0.596289
0.603703
0.611121
0.618545
0.625973
0.633406
0.640843
0.648285
0.65573
0.66318
0.670633
0.678089
0.685549
0.693012
0.700478
0.707946
0.715417
