nan
0.417426
0.418568
0.419709
0.42085
0.421991
0.423132
0.424273
0.425413
0.426554
0.427694
0.428834
0.429974
0.431113
0.432253
0.433392
0.434531
0.43567
0.436809
0.437947
0.439086
0.440224
0.441361
0.442499
0.443636
0.444773
0.44591
0.447047
0.448183
0.449319
0.450455
0.45159
0.452725
0.45386
0.454995
0.456129
0.457263
0.458397
0.45953
0.460663
0.461796
0.462928
0.46406
0.465192
0.466324
0.467455
0.468585
0.469716
0.470846
0.471975
0.473105
0.474233
0.475362
0.47649
0.477618
0.478745
0.479872
0.480999
0.482125
0.483251
0.484376
0.485501
0.486625
0.487749
0.488873
0.489996
0.491119
0.492242
0.493364
0.494485
0.495606
0.496727
0.497847
0.498966
0.500086
0.501204
0.502323
0.503441
0.504558
0.505675
0.506791
0.507907
0.509023
0.510137
0.511252
0.512366
0.513479
0.514592
0.515705
0.516817
0.517928
0.519039
0.520149
0.521259
0.522368
0.523477
0.524585
0.525693
0.5268
0.527907
