nan
2.73086
2.73462
2.73705
2.73862
2.73981
2.7411
2.74292
2.74573
2.74993
2.75593
2.76411
2.77482
2.78839
2.80515
2.82537
2.84933
2.87728
2.90945
2.94604
3.01373
3.13461
3.25864
3.38591
3.5165
3.65046
3.78788
3.92881
4.07331
4.22142
4.37321
4.5287
4.68796
4.851
5.01788
5.18863
5.36327
5.54184
5.72437
5.91089
6.1014
6.29595
6.49455
6.69722
6.90398
7.11484
7.32982
7.54893
7.7722
7.99961
8.2312
8.46695
8.7069
8.95102
9.19934
9.45186
9.70857
9.96947
10.2346
10.5039
10.7774
11.055
11.3369
11.6229
11.9131
12.2074
12.5058
12.8084
13.1151
13.4259
13.7407
14.0596
14.3826
14.7095
15.0404
15.3753
15.7141
16.0568
16.4034
16.7538
17.108
17.4659
17.8276
18.1929
18.5618
18.9344
19.3104
19.69
20.073
20.4594
20.8491
21.2421
21.6383
22.0376
22.44
22.8455
23.2538
23.6651
24.0792
24.496
