0
0.642821
1.28557
1.92816
2.57051
3.21256
3.85423
4.49543
5.13609
5.77613
6.41548
7.05405
7.69177
8.32856
8.96434
9.59904
10.2326
10.8649
11.4958
12.1254
12.7535
13.38
14.0048
14.628
15.2493
15.8688
16.4863
17.1018
17.7151
18.3262
18.935
19.5414
20.1454
20.7469
21.3457
21.9417
22.535
23.1255
23.7129
24.2973
24.8785
25.4566
26.0313
26.6026
27.1704
27.7347
28.2953
28.8522
29.4052
29.9543
30.4993
31.0403
31.5771
32.1096
32.6377
33.1614
33.6805
34.195
34.7047
35.2097
35.7097
36.2047
36.6947
37.1795
37.659
38.1331
38.6019
39.0651
39.5226
39.9745
40.4206
40.8609
41.2951
41.7233
42.1454
42.5613
42.9709
43.3741
43.7709
44.1611
44.5447
44.9216
45.2918
45.6551
46.0114
46.3608
46.7031
47.0383
47.3662
47.6869
48.0003
48.3062
48.6047
48.8956
49.1789
49.4546
49.7226
49.9828
50.2352
50.4797
