0
1.38453
2.76904
4.15352
5.53795
6.92232
8.30661
9.6908
11.0749
12.4588
13.8426
15.2263
16.6097
17.993
19.3761
20.7589
22.1415
23.5239
24.9059
26.2877
27.6692
29.0503
30.4311
31.8116
33.1917
34.5714
35.9507
37.3296
38.708
40.086
41.4636
42.8407
44.2172
45.5933
46.9689
48.3439
49.7184
51.0923
52.4656
53.8384
55.2105
56.5821
57.953
59.3233
60.6929
62.0619
63.4303
64.798
66.165
67.5313
68.897
70.2619
71.6262
72.9898
74.3527
75.7149
77.0764
78.4372
79.7973
81.1568
82.5156
83.8737
85.2312
86.588
87.9442
89.2998
90.6548
92.0092
93.3631
94.7165
96.0693
97.4217
98.7736
100.125
101.476
102.827
104.178
105.528
106.878
108.228
109.577
110.927
112.277
113.626
114.976
116.326
117.676
119.026
120.377
121.728
123.08
124.432
125.785
127.139
128.493
129.849
131.205
132.562
133.921
135.281
