0
0.642835
1.28568
1.92853
2.5714
3.21429
3.85721
4.50017
5.14317
5.78621
6.42931
7.07246
7.71568
8.35897
9.00233
9.64578
10.2893
10.9329
11.5767
12.2205
12.8644
13.5085
14.1527
14.797
15.4414
16.086
16.7307
17.3756
18.0206
18.6658
19.3111
19.9567
20.6024
21.2483
21.8943
22.5406
23.1871
23.8338
24.4807
25.1278
25.7752
26.4228
27.0706
27.7186
28.3669
29.0155
29.6643
30.3134
30.9627
31.6124
32.2623
32.9125
33.563
34.2137
34.8648
35.5162
36.168
36.82
37.4723
38.125
38.7781
39.4314
40.0852
40.7392
41.3937
42.0485
42.7036
43.3592
44.0151
44.6714
45.3281
45.9852
46.6427
47.3006
47.9589
48.6176
49.2768
49.9364
50.5964
51.2569
51.9178
52.5791
53.2409
53.9032
54.566
55.2292
55.8928
56.557
57.2217
57.8868
58.5524
59.2186
59.8852
60.5524
61.22
61.8882
62.5569
63.2262
63.896
64.5663
