0
0.00238308
0.00476615
0.00714921
0.00953226
0.0119153
0.0142983
0.0166813
0.0190642
0.0214472
0.02383
0.0262129
0.0285957
0.0309784
0.0333611
0.0357437
0.0381262
0.0405087
0.0428911
0.0452734
0.0476557
0.0500378
0.0524199
0.0548018
0.0571837
0.0595654
0.0619471
0.0643286
0.06671
0.0690913
0.0714724
0.0738534
0.0762343
0.078615
0.0809956
0.0833761
0.0857564
0.0881365
0.0905165
0.0928963
0.0952759
0.0976553
0.100035
0.102414
0.104793
0.107171
0.10955
0.111928
0.114306
0.116684
0.119062
0.121439
0.123816
0.126193
0.12857
0.130947
0.133323
0.135699
0.138075
0.14045
0.142825
0.1452
0.147575
0.14995
0.152324
0.154698
0.157071
0.159445
0.161818
0.16419
0.166563
0.168935
0.171307
0.173678
0.176049
0.17842
0.180791
0.183161
0.185531
0.1879
0.190269
0.192638
0.195006
0.197374
0.199742
0.202109
0.204476
0.206843
0.209209
0.211575
0.21394
0.216305
0.21867
0.221034
0.223398
0.225762
0.228125
0.230487
0.232849
0.235211
