0
0.741689
1.48333
2.22486
2.96625
3.70744
4.44837
5.18901
5.92929
6.66917
7.4086
8.14752
8.88589
9.62366
10.3608
11.0972
11.8328
12.5677
13.3017
14.0347
14.7668
15.4979
16.228
16.9569
17.6847
18.4112
19.1365
19.8605
20.583
21.3042
22.0239
22.742
23.4586
24.1735
24.8868
25.5983
26.308
27.0159
27.7218
28.4259
29.1279
29.8278
30.5257
31.2214
31.9148
32.606
33.2949
33.9814
34.6654
35.347
36.026
36.7024
37.3762
38.0473
38.7156
39.3811
40.0437
40.7034
41.3601
42.0138
42.6644
43.3119
43.9562
44.5972
45.235
45.8694
46.5004
47.1279
47.7519
48.3724
48.9892
49.6024
50.2119
50.8176
51.4194
52.0174
52.6115
53.2016
53.7877
54.3697
54.9475
55.5212
56.0907
56.656
57.2169
57.7735
58.3256
58.8733
59.4166
59.9553
60.4894
61.0189
61.5437
62.0638
62.5792
63.0899
63.5957
64.0966
64.5927
65.0838
