nan
23.1172
23.561
23.8776
24.0744
24.1625
24.1518
24.05
23.8616
23.5889
23.2324
22.7914
22.2642
21.6488
20.9424
20.1425
19.246
18.2502
17.1524
15.9499
14.6406
13.2225
11.6943
10.055
8.30447
6.44307
4.4721
2.39371
0.211017
2.0718
4.44945
6.91543
9.46198
12.08
14.7591
17.4872
20.2509
23.0352
24.5757
25.8052
26.9449
27.9864
28.9224
29.7458
30.4506
31.0316
31.4847
31.8067
31.9956
32.0506
31.9719
31.8033
31.6176
31.3789
31.0882
30.7467
30.356
29.9179
29.4344
28.9074
28.3393
27.7324
27.0892
26.4123
25.7041
24.9674
24.2046
23.4169
22.6066
21.778
20.9335
20.0754
19.206
18.3272
17.4412
16.5498
15.6548
14.7579
13.8606
12.9643
12.0704
11.18
10.2943
9.41415
8.54052
7.67416
6.81578
5.96599
5.12531
4.29424
3.47315
2.6623
1.86197
1.07234
0.293558
0.47427
1.23109
1.97688
2.71165
3.43546
