nan
1.80492
1.81303
1.82088
1.82846
1.83577
1.84278
1.84949
1.85588
1.86195
1.86769
1.87308
1.87813
1.88282
1.88715
1.89111
1.8947
1.89791
1.90074
1.9032
1.90527
1.90696
1.90826
1.90917
1.9097
1.90984
1.9096
1.90897
1.90795
1.90655
1.90476
1.90258
1.90002
1.89708
1.89375
1.89004
1.88594
1.88147
1.8766
1.87136
1.86573
1.85972
1.85332
1.84654
1.83937
1.83182
1.82388
1.81555
1.80684
1.79773
1.78823
1.77833
1.76805
1.75736
1.74628
1.7348
1.72292
1.71063
1.69793
1.68483
1.67132
1.65739
1.64305
1.6283
1.61312
1.59752
1.58149
1.56504
1.54816
1.53084
1.51309
1.4949
1.47627
1.45719
1.43766
1.41769
1.39726
1.37638
1.35503
1.33323
1.31096
1.28822
1.265
1.24132
1.21716
1.19251
1.16738
1.14177
1.11567
1.08907
1.06197
1.03438
1.00629
0.977689
0.948582
0.918964
0.888832
0.858184
0.827016
0.795325
