nan
0.354543
0.354702
0.35486
0.355018
0.355176
0.355333
0.35549
0.355646
0.355801
0.355956
0.356111
0.356265
0.356419
0.356572
0.356724
0.356876
0.357028
0.357179
0.357329
0.357479
0.357629
0.357777
0.357926
0.358073
0.358221
0.358367
0.358513
0.358659
0.358804
0.358948
0.359092
0.359235
0.359378
0.35952
0.359662
0.359803
0.359943
0.360083
0.360222
0.360361
0.360499
0.360636
0.360773
0.360909
0.361045
0.36118
0.361314
0.361448
0.361581
0.361714
0.361846
0.361978
0.362109
0.362239
0.362368
0.362497
0.362626
0.362754
0.362881
0.363007
0.363133
0.363259
0.363384
0.363508
0.363631
0.363754
0.363877
0.363998
0.364119
0.36424
0.36436
0.364479
0.364598
0.364715
0.364833
0.364949
0.365066
0.365181
0.365296
0.36541
0.365524
0.365637
0.365749
0.365861
0.365972
0.366082
0.366192
0.366302
0.36641
0.366519
0.366626
0.366733
0.366839
0.366945
0.36705
0.367155
0.367259
0.367362
0.367465
