nan
2.7249
2.72357
2.72131
2.71815
2.71411
2.70922
2.70351
2.69701
2.68975
2.68177
2.67311
2.6638
2.65387
2.64337
2.63232
2.62077
2.60874
2.59629
2.58343
2.5702
2.55663
2.54277
2.52862
2.51423
2.49962
2.48482
2.46985
2.45474
2.4395
2.42417
2.4233
2.45956
2.49545
2.531
2.56621
2.60109
2.63566
2.66994
2.70392
2.73762
2.77106
2.80423
2.83715
2.86983
2.90228
2.9345
2.9665
2.99829
3.02987
3.06126
3.09246
3.12347
3.1543
3.18496
3.21544
3.24576
3.27593
3.30593
3.33579
3.3655
3.39506
3.42448
3.45377
3.48292
3.51195
3.54084
3.56962
3.59826
3.62679
3.65521
3.68351
3.71169
3.73977
3.76773
3.79559
3.82334
3.85099
3.87854
3.90599
3.93334
3.96059
3.98774
4.0148
4.04176
4.06863
4.09541
4.12209
4.14868
4.17519
4.2016
4.22793
4.23773
4.24142
4.24499
4.24845
4.2518
4.25506
4.25823
4.26131
