0
8.1244e+28
3.26158e+29
7.36533e+29
1.31418e+30
2.06095e+30
2.97869e+30
4.0693e+30
5.33468e+30
6.77675e+30
8.39748e+30
1.01988e+31
1.21828e+31
1.43514e+31
1.67067e+31
1.92507e+31
2.19856e+31
2.49133e+31
2.80361e+31
3.1356e+31
3.48753e+31
3.8596e+31
4.25205e+31
4.66508e+31
5.09893e+31
5.55381e+31
6.02997e+31
6.52761e+31
7.04698e+31
7.5883e+31
8.15181e+31
8.73775e+31
9.34634e+31
9.97784e+31
1.06325e+32
1.13105e+32
1.20121e+32
1.27376e+32
1.35006e+32
1.42867e+32
1.50949e+32
1.59249e+32
1.67763e+32
1.76488e+32
1.85421e+32
1.94557e+32
2.03895e+32
2.1343e+32
2.23159e+32
2.3308e+32
2.43189e+32
2.53485e+32
2.63966e+32
2.74628e+32
2.85471e+32
2.96493e+32
3.07693e+32
3.19068e+32
3.3062e+32
3.42345e+32
3.54244e+32
3.66316e+32
3.7856e+32
3.90977e+32
4.03564e+32
4.16322e+32
4.29252e+32
4.42351e+32
4.55621e+32
4.69061e+32
4.8267e+32
4.96449e+32
5.10398e+32
5.24516e+32
5.38803e+32
5.5326e+32
5.67885e+32
5.8268e+32
5.97644e+32
6.12777e+32
6.28078e+32
6.43549e+32
6.59188e+32
6.74997e+32
6.90974e+32
7.0712e+32
7.23436e+32
7.3992e+32
7.56573e+32
7.73396e+32
7.90387e+32
8.07548e+32
8.24878e+32
8.42377e+32
8.60046e+32
8.77884e+32
8.95892e+32
9.14069e+32
9.32417e+32
9.50934e+32
