0
4.26326e-12
4.24905e-12
1.37845e-12
1.10845e-12
3.41203e-11
7.10543e-13
1.82894e-11
0
2.27516e-11
8.52651e-13
1.20082e-11
6.96332e-13
2.64322e-12
3.2685e-13
8.52651e-12
0
2.70006e-13
4.68958e-13
2.41585e-13
2.41585e-13
9.76286e-12
1.98952e-13
5.55644e-12
0
8.17124e-12
3.12639e-13
4.87432e-12
3.2685e-13
1.19371e-12
1.27898e-13
4.14957e-12
0
1.13687e-13
2.13163e-13
1.42109e-13
9.9476e-14
4.60432e-12
1.13687e-13
3.28271e-12
0
4.98801e-12
1.84741e-13
3.06954e-12
1.56319e-13
7.53175e-13
8.52651e-14
2.72848e-12
0
8.52651e-14
1.56319e-13
1.13687e-13
8.52651e-14
3.85114e-12
7.10543e-14
2.359e-12
0
3.56692e-12
1.13687e-13
2.2311e-12
1.27898e-13
5.68434e-13
8.52651e-14
1.27898e-13
5.40012e-13
5.68434e-14
2.18847e-12
5.68434e-14
2.82796e-12
0
1.9611e-12
1.13687e-13
2.72848e-12
1.13687e-13
1.42109e-13
4.26326e-14
1.13687e-13
0
1.81899e-12
9.9476e-14
3.83693e-13
8.52651e-14
1.79057e-12
8.52651e-14
2.30216e-12
0
1.63425e-12
7.10543e-14
1.8332e-12
1.27898e-13
9.9476e-14
2.84217e-14
8.52651e-14
0
1.50635e-12
8.52651e-14
3.12639e-13
1.42109e-14
1.4353e-12
2.84217e-14
