0
0.154842
0.309684
0.464526
0.619367
0.774209
0.929051
1.08389
1.23873
1.39358
1.54842
1.70326
1.8581
2.01294
2.16779
2.32263
2.47747
2.63231
2.78715
2.942
3.09684
3.25168
3.40652
3.56136
3.7162
3.87105
4.02589
4.18073
4.33557
4.49041
4.64526
4.8001
4.95494
5.10978
5.26462
5.41946
5.57431
5.72915
5.88399
6.03883
6.19367
6.34852
6.50336
6.6582
6.81304
6.96788
7.12273
7.27757
7.43241
7.58725
7.74209
7.89693
8.05178
8.20662
8.36146
8.5163
8.67114
8.82599
8.98083
9.13567
9.29051
9.44535
9.60019
9.75504
9.90988
10.0647
10.2196
10.3744
10.5292
10.6841
10.8389
10.9938
11.1486
11.3035
11.4583
11.6131
11.768
11.9228
12.0777
12.2325
12.3873
12.5422
12.697
12.8519
13.0067
13.1616
13.3164
13.4712
13.6261
13.7809
13.9358
14.0906
14.2455
14.4003
14.5551
14.71
14.8648
15.0197
15.1745
15.3293
