0
0.199279
0.398557
0.597836
0.797115
0.996393
1.19567
1.39495
1.59423
1.79351
1.99279
2.19207
2.39134
2.59062
2.7899
2.98918
3.18846
3.38774
3.58702
3.7863
3.98557
4.18485
4.38413
4.58341
4.78269
4.98197
5.18125
5.38052
5.5798
5.77908
5.97836
6.17764
6.37692
6.5762
6.77548
6.97475
7.17403
7.37331
7.57259
7.77187
7.97115
8.17043
8.36971
8.56898
8.76826
8.96754
9.16682
9.3661
9.56538
9.76466
9.96393
10.1632
10.3625
10.5618
10.761
10.9603
11.1596
11.3589
11.5582
11.7574
11.9567
12.156
12.3553
12.5546
12.7538
12.9531
13.1524
13.3517
13.551
13.7502
13.9495
14.1488
14.3481
14.5473
14.7466
14.9459
15.1452
15.3445
15.5437
15.743
15.9423
16.1416
16.3409
16.5401
16.7394
16.9387
17.138
17.3372
17.5365
17.7358
17.9351
18.1344
18.3336
18.5329
18.7322
18.9315
19.1308
19.33
19.5293
19.7286
