0
0.048
0.096
0.144
0.192
0.24
0.288
0.336
0.384
0.432
0.48
0.528
0.576
0.624
0.672
0.72
0.768
0.816
0.864
0.912
0.96
1.008
1.056
1.104
1.152
1.2
1.248
1.296
1.344
1.392
1.44
1.488
1.536
1.584
1.632
1.68
1.728
1.776
1.824
1.872
1.92
1.968
2.016
2.064
2.112
2.16
2.208
2.256
2.304
2.352
2.4
2.448
2.496
2.544
2.592
2.64
2.688
2.736
2.784
2.832
2.88
2.928
2.976
3.024
3.072
3.12
3.168
3.216
3.264
3.312
3.36
3.408
3.456
3.504
3.552
3.6
3.648
3.696
3.744
3.792
3.84
3.888
3.936
3.984
4.032
4.08
4.128
4.176
4.224
4.272
4.32
4.368
4.416
4.464
4.512
4.56
4.608
4.656
4.704
4.752
