0
0.0141421
0.0282843
0.0424264
0.0565685
0.0707107
0.0848528
0.0989949
0.113137
0.127279
0.141421
0.155563
0.169706
0.183848
0.19799
0.212132
0.226274
0.240416
0.254558
0.268701
0.282843
0.296985
0.311127
0.325269
0.339411
0.353553
0.367696
0.381838
0.39598
0.410122
0.424264
0.438406
0.452548
0.46669
0.480833
0.494975
0.509117
0.523259
0.537401
0.551543
0.565685
0.579828
0.59397
0.608112
0.622254
0.636396
0.650538
0.66468
0.678823
0.692965
0.707107
0.721249
0.735391
0.749533
0.763675
0.777817
0.79196
0.806102
0.820244
0.834386
0.848528
0.86267
0.876812
0.890955
0.905097
0.919239
0.933381
0.947523
0.961665
0.975807
0.989949
1.00409
1.01823
1.03238
1.04652
1.06066
1.0748
1.08894
1.10309
1.11723
1.13137
1.14551
1.15966
1.1738
1.18794
1.20208
1.21622
1.23037
1.24451
1.25865
1.27279
1.28693
1.30108
1.31522
1.32936
1.3435
1.35765
1.37179
1.38593
1.40007
