0
0.012
0.024
0.036
0.048
0.06
0.072
0.084
0.096
0.108
0.12
0.132
0.144
0.156
0.168
0.18
0.192
0.204
0.216
0.228
0.24
0.252
0.264
0.276
0.288
0.3
0.312
0.324
0.336
0.348
0.36
0.372
0.384
0.396
0.408
0.42
0.432
0.444
0.456
0.468
0.48
0.492
0.504
0.516
0.528
0.54
0.552
0.564
0.576
0.588
0.6
0.612
0.624
0.636
0.648
0.66
0.672
0.684
0.696
0.708
0.72
0.732
0.744
0.756
0.768
0.78
0.792
0.804
0.816
0.828
0.84
0.852
0.864
0.876
0.888
0.9
0.912
0.924
0.936
0.948
0.96
0.972
0.984
0.996
1.008
1.02
1.032
1.044
1.056
1.068
1.08
1.092
1.104
1.116
1.128
1.14
1.152
1.164
1.176
1.188
