0
0.276
0.552001
0.828003
1.10401
1.38001
1.65602
1.93204
2.20805
2.48408
2.76011
3.03614
3.31218
3.58823
3.86429
4.14036
4.41643
4.69252
4.96862
5.24473
5.52085
5.79699
6.07314
6.3493
6.62548
6.90167
7.17788
7.45411
7.73035
8.00662
8.2829
8.55921
8.83553
9.11187
9.38824
9.66463
9.94104
10.2175
10.4939
10.7704
11.0469
11.3235
11.6001
11.8767
12.1533
12.4299
12.7066
12.9833
13.2601
13.5369
13.8137
14.1028
14.3924
14.6825
14.9731
15.2642
15.5559
15.8481
16.1408
16.434
16.7277
17.0219
17.3167
17.612
17.9078
18.2041
18.501
18.7984
19.0963
19.3947
19.6936
19.9931
20.2931
20.5937
20.8947
21.1963
21.4984
21.8011
22.1043
22.408
22.7122
23.017
23.3223
23.6282
23.9346
24.2415
24.549
24.8569
25.1655
25.4745
25.7842
26.0943
26.405
26.7162
27.028
27.3403
27.6532
27.9666
28.2805
28.595
