0
0.0730821
0.146164
0.219246
0.292329
0.365411
0.438493
0.511575
0.584657
0.657739
0.730821
0.803904
0.876986
0.950068
1.02315
1.09623
1.16931
1.2424
1.31548
1.38856
1.46164
1.53473
1.60781
1.68089
1.75397
1.82705
1.90014
1.97322
2.0463
2.11938
2.19246
2.26555
2.33863
2.41171
2.48479
2.55788
2.63096
2.70404
2.77712
2.8502
2.92329
2.99637
3.06945
3.14253
3.21561
3.2887
3.36178
3.43486
3.50794
3.58103
3.65411
3.72719
3.80027
3.87335
3.94644
4.01952
4.0926
4.16568
4.23876
4.31185
4.38493
4.45801
4.53109
4.60418
4.67726
4.75034
4.82342
4.8965
4.96959
5.04267
5.11575
5.18883
5.26191
5.335
5.40808
5.48116
5.55424
5.62733
5.70041
5.77349
5.84657
5.91965
5.99274
6.06582
6.1389
6.21198
6.28506
6.35815
6.43123
6.50431
6.57739
6.65048
6.72356
6.79664
6.86972
6.9428
7.01589
7.08897
7.16205
7.23513
