0
0.156
0.312
0.468001
0.624003
0.780006
0.93601
1.09202
1.24802
1.40403
1.56005
1.71606
1.87208
2.0281
2.18413
2.34016
2.49619
2.65223
2.80827
2.96432
3.12037
3.27643
3.43249
3.58856
3.74464
3.90072
4.05681
4.21291
4.36901
4.52513
4.68125
4.83737
4.99351
5.14966
5.30581
5.46198
5.61815
5.77434
5.93053
6.08674
6.24295
6.39918
6.55542
6.71167
6.86793
7.0242
7.18049
7.33679
7.4931
7.64943
7.80577
7.96212
8.11849
8.27487
8.43126
8.58768
8.7441
8.90054
9.057
9.21347
9.36996
9.52647
9.68299
9.83953
9.99609
10.1527
10.3093
10.4659
10.6225
10.7792
10.9358
11.0925
11.2492
11.4059
11.5627
11.7195
11.8762
12.0331
12.1899
12.3467
12.5036
12.6605
12.8174
12.9744
13.1313
13.2883
13.4453
13.6024
13.7594
13.9165
14.0736
14.2307
14.3879
14.5451
14.7023
14.8595
15.0168
15.1741
15.3314
15.4887
