0
0.18
0.36
0.540001
0.720003
0.900005
1.08001
1.26001
1.44002
1.62003
1.80004
1.98005
2.16007
2.34009
2.52011
2.70013
2.88016
3.0602
3.24023
3.42027
3.60032
3.78037
3.96043
4.14049
4.32055
4.50062
4.6807
4.86079
5.04088
5.22098
5.40108
5.58119
5.76131
5.94144
6.12157
6.30171
6.48187
6.66203
6.84219
7.02237
7.20256
7.38276
7.56296
7.74318
7.92341
8.10364
8.28389
8.46415
8.64442
8.8247
9.005
9.1853
9.36562
9.54595
9.7263
9.90665
10.087
10.2674
10.4478
10.6282
10.8086
10.9891
11.1695
11.35
11.5305
11.711
11.8915
12.072
12.2526
12.4331
12.6137
12.7943
12.9749
13.1556
13.3362
13.5169
13.6975
13.8782
14.059
14.2397
14.4205
14.6012
14.782
14.9629
15.1437
15.3245
15.5054
15.6863
15.8672
16.0482
16.2291
16.4101
16.5911
16.7721
16.9532
17.1343
17.3154
17.4965
17.6776
17.8588
