0
0.024
0.048
0.072
0.096
0.12
0.144
0.168
0.192
0.216
0.24
0.264
0.288
0.312
0.336
0.36
0.384
0.408
0.432
0.456
0.48
0.504
0.528
0.552
0.576
0.6
0.624
0.648
0.672
0.696
0.72
0.744
0.768
0.792
0.816
0.84
0.864
0.888
0.912
0.936
0.96
0.984
1.008
1.032
1.056
1.08
1.104
1.128
1.152
1.176
1.2
1.224
1.248
1.272
1.296
1.32
1.344
1.368
1.392
1.416
1.44
1.464
1.488
1.512
1.536
1.56
1.584
1.608
1.632
1.656
1.68
1.704
1.728
1.752
1.776
1.8
1.824
1.848
1.872
1.896
1.92
1.944
1.968
1.992
2.016
2.04
2.064
2.088
2.112
2.136
2.16
2.184
2.208
2.232
2.256
2.28
2.304
2.328
2.352
2.376
